000011 755.00 46.00 9.00 42.49
000011 720.00 142.00 9.00 42.49
000011 731.00 52.00 10.00 38.24
000011 715.00 47.00 9.00 42.49
000011 591.00 196.00 16.00 23.90
000011 864.00 209.00 24.00 15.94
000011 760.00 45.00 10.00 38.24
000011 496.00 193.00 11.00 34.77
000011 713.00 144.00 9.00 42.49
000011 709.00 71.00 9.00 42.49
000011 711.00 70.00 9.00 42.49
000011 753.00 35.00 10.00 38.24
000011 316.00 145.00 19.00 20.13
000011 764.00 56.00 10.00 38.24
000011 324.00 146.00 19.00 20.13
000011 749.00 37.00 9.00 42.49
000011 767.00 43.00 11.00 34.77
000011 738.00 50.00 10.00 38.24
000011 719.00 66.00 9.00 42.49
000011 731.00 128.00 10.00 38.24
000011 728.00 42.00 10.00 38.24
000011 787.00 95.00 18.00 21.25
000011 711.00 58.00 9.00 42.49
000011 738.00 61.00 10.00 38.24
000011 742.00 49.00 10.00 38.24
000011 754.00 170.00 14.00 27.32
000011 728.00 53.00 10.00 38.24
000011 726.00 64.00 10.00 38.24
000011 725.00 53.00 9.00 42.49
000011 836.00 192.00 22.40 17.07
000011 310.00 145.00 20.00 19.12
000011 727.20 92.40 9.60 39.84
000011 181.20 182.40 7.20 53.12
000011 433.20 146.40 14.16 27.01
000011 333.60 148.80 26.88 14.23
000011 606.00 194.40 16.80 22.76
000011 711.60 57.60 9.60 39.84
000011 314.40 150.00 19.40 19.71
000011 741.60 49.20 9.60 39.84
000011 720.00 66.00 9.60 39.84
000011 216.00 199.20 18.00 21.25
000011 766.80 43.20 10.80 35.41
000011 710.40 70.80 8.40 45.53
000011 718.80 45.60 9.60 39.84
000011 715.20 46.80 9.60 39.84
000011 308.40 144.00 19.20 19.92
000011 738.00 61.20 9.60 39.84
000011 727.20 42.00 8.40 45.53
000011 794.40 216.00 16.80 22.76
000011 786.00 194.40 19.20 19.92
000011 741.60 130.80 10.80 35.41
000011 790.80 98.40 16.80 22.76
000011 730.80 127.20 9.60 39.84
000011 916.80 49.20 28.80 13.28
000011 864.00 210.24 23.04 16.60
000011 313.92 149.76 18.92 20.21
000011 332.64 149.76 25.92 14.75
000011 308.16 144.00 18.72 20.43
000011 711.36 57.60 9.36 40.86
000011 720.00 66.24 10.08 37.94
000011 915.84 50.40 27.36 13.98
000011 741.60 48.96 10.08 37.94
000011 790.56 97.92 16.56 23.09
000011 738.72 128.16 10.08 37.94
000011 590.40 194.40 15.84 24.14
000011 682.56 84.96 7.20 53.12
000011 302.40 148.61 19.01 20.12
000011 200.45 300.67 44.93 8.51
000011 710.21 55.30 8.64 44.26
000011 720.58 143.42 8.64 44.26
000011 812.16 55.30 19.01 20.12
000011 216.00 152.06 19.01 20.12
000011 800.06 100.22 17.28 22.13
000011 793.15 98.50 16.99 22.51
000011 551.23 62.21 5.18 73.77
000011 765.50 95.04 10.37 36.89
000011 737.86 129.60 10.37 36.89
000011 680.83 84.67 6.91 55.33
000011 331.78 149.30 35.25 10.85
000011 821.15 199.07 22.81 16.77
000011 429.24 145.15 13.69 27.94
000011 178.33 182.48 8.29 46.11
000011 302.75 149.30 19.35 19.76
000011 721.61 143.08 8.29 46.11
000011 862.62 209.43 20.74 18.44
000011 738.20 128.56 10.37 36.89
000011 740.28 134.78 10.37 36.89
000011 215.65 151.37 18.66 20.49
000011 918.60 70.50 26.96 14.19
000011 854.32 228.10 22.81 16.77
000011 323.48 147.23 18.66 20.49
000011 259.20 279.94 37.32 10.25
000011 800.41 99.53 16.59 23.05
000011 725.76 99.53 8.29 46.11
000011 209.43 153.45 16.59 23.05
000011 318.51 149.30 19.91 19.21
000011 699.22 144.32 8.71 43.91
000011 753.96 139.35 12.44 30.74
000011 435.46 139.35 14.43 26.50
000011 445.41 144.32 14.93 25.62
000011 450.39 196.58 14.93 25.62
000011 739.03 129.39 11.20 34.15
000011 726.59 97.04 9.95 38.42
000011 801.24 99.53 17.42 21.96
000011 303.58 149.30 19.91 19.21
000011 330.95 149.30 32.35 11.82
000011 701.71 136.86 9.95 38.42
000011 791.29 97.04 14.93 25.62
000011 855.98 228.93 24.47 15.63
000011 770.38 92.57 8.96 42.69
000011 725.59 95.55 8.96 42.69
000011 719.62 134.37 8.96 42.69
000011 803.23 98.54 19.41 19.70
000011 853.99 226.93 22.89 16.71
000011 910.73 241.86 29.86 12.81
000011 701.71 137.36 9.95 38.42
000011 435.95 140.34 14.93 25.62
000011 831.30 189.91 21.50 17.79
000011 734.55 128.99 10.75 35.58
000011 820.55 197.07 21.50 17.79
000011 462.23 204.24 17.92 21.35
000011 437.15 143.33 14.33 26.68
000011 863.55 211.41 21.50 17.79
000012 1115.00 121.00 29.00 13.25
000012 543.00 31.00 5.00 76.87
000012 552.00 31.00 6.00 64.06
000012 833.00 135.00 11.00 34.94
000012 554.00 32.00 5.00 76.87
000012 1198.00 136.00 35.00 10.98
000012 992.00 137.00 21.00 18.30
000012 612.00 138.00 5.00 76.87
000012 847.00 83.00 10.00 38.44
000012 835.00 132.00 10.00 38.44
000012 1172.00 191.00 37.00 10.39
000012 885.00 146.00 14.00 27.46
000012 977.00 146.00 19.00 20.23
000012 1072.00 224.00 29.00 13.25
000012 554.00 35.00 6.00 64.06
000012 1110.00 128.00 29.00 13.25
000012 641.00 162.00 7.00 54.91
000012 547.00 32.00 5.00 76.87
000012 1059.00 36.00 26.00 14.78
000012 557.00 37.00 6.00 64.06
000012 896.00 165.00 13.00 29.57
000012 829.00 37.00 8.00 48.05
000012 964.00 244.00 38.00 10.12
000012 1060.00 223.00 28.00 13.73
000012 560.00 62.00 6.00 64.06
000012 996.00 60.00 21.00 18.30
000012 645.00 162.00 6.00 64.06
000012 843.00 247.00 26.00 14.78
000012 989.00 162.00 20.00 19.22
000012 930.00 163.00 16.00 24.02
000012 865.00 58.00 11.00 34.94
000012 792.00 203.00 22.00 17.47
000012 894.00 165.00 13.00 29.57
000012 864.00 69.00 11.00 34.94
000012 931.00 168.00 16.00 24.02
000012 894.00 170.00 13.00 29.57
000012 795.00 91.00 5.00 76.87
000012 972.00 241.00 39.00 9.86
000012 842.00 72.00 9.00 42.71
000012 895.00 182.00 14.00 27.46
000012 855.00 74.00 10.00 38.44
000012 852.00 78.00 10.00 38.44
000012 1071.00 227.00 29.00 13.25
000012 963.00 254.00 38.00 10.12
000012 1060.00 39.00 26.00 14.78
000012 1099.00 113.00 27.40 14.03
000012 985.00 140.00 20.00 19.22
000012 798.00 40.00 5.00 76.87
000012 806.00 189.00 23.00 16.71
000012 1018.00 91.00 27.00 14.24
000012 966.00 256.00 39.00 9.86
000012 1058.00 71.00 29.00 13.25
000012 894.00 164.40 13.00 29.57
000012 556.80 38.40 6.00 64.06
000012 854.40 75.60 9.60 40.04
000012 963.60 253.20 38.60 9.96
000012 835.20 132.00 10.80 35.59
000012 832.80 134.40 10.80 35.59
000012 1197.60 135.60 34.60 11.11
000012 860.40 73.20 10.80 35.59
000012 854.40 78.00 9.60 40.04
000012 964.80 243.60 38.80 9.91
000012 842.40 72.00 9.60 40.04
000012 846.00 80.40 9.60 40.04
000012 837.60 210.00 21.60 17.80
000012 944.40 160.80 16.80 22.88
000012 894.00 170.40 12.72 30.22
000012 1060.80 223.20 28.80 13.35
000012 933.60 168.00 18.00 21.35
000012 790.80 92.40 6.00 64.06
000012 829.20 92.40 8.40 45.76
000012 1020.00 93.60 26.40 14.56
000012 884.40 145.20 13.20 29.12
000012 1070.40 220.80 28.80 13.35
000012 802.80 177.60 21.60 17.79
000012 1099.20 112.80 27.60 13.93
000012 996.00 61.20 20.40 18.84
000012 1110.00 128.40 28.80 13.35
000012 558.00 43.20 6.00 64.06
000012 775.20 166.80 18.20 21.12
000012 1166.40 198.00 37.20 10.33
000012 1123.20 235.20 33.60 11.44
000012 1161.60 134.40 32.64 11.78
000012 1068.48 220.32 28.80 13.35
000012 1059.84 223.20 27.36 14.05
000012 1124.64 223.20 34.56 11.12
000012 984.96 139.68 20.16 19.07
000012 612.00 136.80 5.76 66.73
000012 830.88 135.36 11.52 33.37
000012 835.20 131.04 11.52 33.37
000012 564.48 59.04 5.76 66.73
000012 1114.56 120.96 29.76 12.92
000012 864.00 57.60 11.52 33.37
000012 944.64 159.84 17.28 22.24
000012 930.24 161.28 15.84 24.27
000012 963.36 243.36 36.96 10.40
000012 895.68 169.92 14.40 26.69
000012 790.56 92.16 5.76 66.73
000012 907.20 169.92 14.40 26.69
000012 1121.76 234.72 33.12 11.61
000012 1166.40 197.28 37.44 10.27
000012 862.56 70.56 10.08 38.13
000012 894.24 162.72 13.44 28.60
000012 853.92 76.32 10.08 38.13
000012 1118.88 230.40 34.56 11.12
000012 1069.92 224.64 28.80 13.35
000012 558.72 57.60 5.76 66.73
000012 1105.92 125.28 28.32 13.57
000012 1108.80 128.16 28.80 13.35
000012 1120.32 226.08 34.56 11.12
000012 934.56 161.28 17.28 22.24
000012 965.95 243.65 38.59 9.96
000012 628.99 57.02 5.18 74.15
000012 879.55 131.33 12.10 31.78
000012 898.56 171.07 15.55 24.72
000012 864.00 58.75 12.10 31.78
000012 895.10 171.07 12.10 31.78
000012 561.60 62.21 5.18 74.15
000012 995.33 62.21 20.74 18.54
000012 934.85 160.70 17.57 21.88
000012 945.22 158.98 17.28 22.24
000012 1069.63 224.64 27.65 13.90
000012 976.32 145.15 19.01 20.22
000012 1128.38 236.74 33.98 11.31
000012 931.39 160.70 16.99 22.62
000012 986.69 139.97 20.74 18.54
000012 990.14 136.51 19.01 20.22
000012 791.42 93.31 5.18 74.15
000012 853.63 77.76 10.37 37.07
000012 1114.56 120.96 31.68 12.13
000012 1123.20 235.01 32.83 11.71
000012 1060.99 222.91 27.65 13.90
000012 1100.74 114.05 27.65 13.90
000012 1124.93 222.91 34.56 11.12
000012 908.93 171.07 13.82 27.80
000012 933.12 150.34 15.55 24.72
000012 1057.54 70.85 29.38 13.08
000012 895.80 172.11 14.52 26.48
000012 1101.08 114.05 29.03 13.24
000012 964.22 252.98 37.32 10.30
000012 970.44 244.68 39.05 9.84
000012 1119.74 228.10 33.18 11.59
000012 1111.45 120.27 29.03 13.24
000012 1061.68 223.95 26.96 14.26
000012 1103.16 124.42 29.03 13.24
000012 1123.89 234.32 35.25 10.90
000012 989.11 134.78 20.74 18.54
000012 1067.90 219.80 29.03 13.24
000012 1173.66 199.07 35.25 10.90
000012 993.25 64.28 20.74 18.54
000012 989.11 163.81 20.74 18.54
000012 872.99 109.90 12.44 30.89
000012 1167.44 196.99 37.74 10.18
000012 974.59 145.15 18.66 20.60
000012 862.62 72.58 12.44 30.89
000012 1055.46 70.50 29.03 13.24
000012 985.37 141.83 19.91 19.31
000012 987.86 184.14 20.40 18.84
000012 1000.30 82.11 19.91 19.31
000012 798.75 94.56 4.98 77.24
000012 729.08 89.58 4.98 77.24
000012 793.77 87.09 4.98 77.23
000012 888.33 129.39 13.27 28.96
000012 1102.33 124.42 28.20 13.63
000012 791.29 94.56 4.98 77.24
000012 987.86 134.37 19.91 19.31
000012 1159.56 134.37 32.35 11.88
000012 1062.51 223.95 27.37 14.04
000012 1112.28 119.44 29.86 12.87
000012 1069.98 223.95 27.37 14.04
000012 1119.74 228.93 32.35 11.88
000012 888.33 116.95 13.44 28.61
000012 980.40 114.46 19.91 19.31
000012 985.37 154.28 19.91 19.31
000012 995.33 184.14 19.91 19.31
000012 958.00 261.27 37.32 10.30
000012 964.47 250.82 38.82 9.90
000012 988.36 185.13 20.90 18.39
000012 988.36 134.37 20.90 18.39
000012 946.56 155.27 17.92 21.45
000012 1122.73 229.92 35.83 10.73
000012 1063.01 223.95 26.87 14.30
000012 904.75 128.40 14.93 25.75
000012 940.59 173.19 23.89 16.09
000012 895.80 176.17 11.94 32.18
000012 988.36 197.07 20.90 18.39
000012 889.82 116.45 14.93 25.75
000012 979.40 116.45 17.92 21.45
000012 970.45 143.33 17.92 21.45
000012 997.32 191.10 20.90 18.39
000012 994.33 185.13 20.90 18.39
000012 985.38 155.27 20.90 18.39
000012 946.56 214.99 35.83 10.73
000012 1006.28 271.72 38.82 9.90
000012 973.43 170.20 26.87 14.30
000012 836.08 212.00 20.90 18.39
000012 985.38 154.08 17.92 21.45
000012 978.21 154.08 21.50 17.88
000012 988.96 197.07 21.50 17.88
000012 1067.79 225.74 28.67 13.41
000012 988.96 182.74 21.50 17.88
000012 1121.54 229.32 32.25 11.92
000012 949.54 171.99 17.92 21.45
000012 942.38 171.99 17.92 21.45
000012 906.54 128.99 14.33 26.82
000012 996.12 182.74 21.50 17.88
000012 949.54 154.08 17.92 21.45
000012 1103.62 114.66 28.67 13.41
000012 863.55 118.25 10.75 35.76
000012 981.79 118.25 21.50 17.88
000012 885.05 139.74 14.33 26.82
000012 1125.12 243.66 32.25 11.92
000012 910.13 146.91 14.33 26.82
000012 892.21 189.91 14.33 26.82
000012 967.46 164.83 28.67 13.41
000012 974.63 168.41 28.67 13.41
000012 1107.20 240.07 32.25 11.92
000012 1078.54 236.49 28.67 13.41
000013 712.00 46.00 7.00 54.11
000013 506.00 178.00 12.00 31.57
000013 713.00 284.00 43.00 8.81
000013 779.00 32.00 10.00 37.88
000013 378.00 243.00 44.40 8.53
000013 840.00 179.00 39.00 9.71
000013 674.00 79.00 8.00 47.35
000013 243.00 166.00 12.00 31.57
000013 716.00 44.00 8.00 47.35
000013 693.00 44.00 8.00 47.35
000013 738.00 292.00 44.00 8.61
000013 674.00 255.00 45.00 8.42
000013 682.00 34.00 8.00 47.35
000013 688.00 34.00 8.00 47.35
000013 662.00 71.00 8.00 47.35
000013 707.00 52.00 8.00 47.35
000013 704.00 60.00 7.00 54.11
000013 656.00 70.00 8.00 47.35
000013 650.00 166.00 44.00 8.61
000013 420.00 258.00 39.00 9.71
000013 736.00 220.00 44.00 8.61
000013 722.00 36.00 8.00 47.35
000013 675.00 74.00 8.00 47.35
000013 665.00 69.00 7.00 54.11
000013 675.00 202.00 46.20 8.20
000013 662.00 63.00 7.00 54.11
000013 665.00 56.00 8.00 47.35
000013 668.00 78.00 8.00 47.35
000013 723.00 39.00 9.00 42.09
000013 805.00 253.00 38.00 9.97
000013 496.00 181.00 11.20 33.82
000013 671.00 50.00 8.00 47.35
000013 736.00 177.00 45.00 8.42
000013 492.00 178.00 13.00 29.14
000013 707.00 40.00 8.00 47.35
000013 812.00 256.00 37.00 10.24
000013 697.00 64.00 8.00 47.35
000013 840.00 176.00 39.00 9.71
000013 626.00 83.00 9.00 42.09
000013 674.00 51.00 8.00 47.35
000013 781.20 37.20 9.60 39.46
000013 813.60 262.80 37.44 10.12
000013 496.80 181.20 12.00 31.57
000013 772.80 37.20 9.60 39.46
000013 718.80 42.00 8.40 45.09
000013 840.00 178.80 39.60 9.57
000013 506.40 177.60 10.80 35.07
000013 368.40 230.40 44.40 8.53
000013 681.60 49.20 8.40 45.09
000013 250.80 174.00 14.40 26.30
000013 676.80 168.00 44.40 8.53
000013 674.40 201.60 45.12 8.40
000013 706.80 39.60 8.40 45.09
000013 650.40 165.60 44.40 8.53
000013 242.40 165.60 12.00 31.57
000013 735.60 190.80 44.40 8.53
000013 626.40 82.80 8.64 43.84
000013 670.80 158.40 43.20 8.77
000013 736.80 291.60 43.20 8.77
000013 820.80 262.80 37.20 10.18
000013 664.80 56.40 7.20 52.61
000013 663.60 58.80 7.20 52.61
000013 704.40 60.00 7.20 52.61
000013 648.00 204.00 44.93 8.43
000013 662.40 62.40 8.40 45.09
000013 812.40 255.60 38.40 9.86
000013 692.40 43.20 7.20 52.61
000013 805.20 252.00 37.20 10.18
000013 655.20 69.60 7.20 52.61
000013 666.00 69.60 7.20 52.61
000013 672.00 250.80 44.40 8.53
000013 661.20 70.80 7.20 52.61
000013 721.20 70.80 8.40 45.09
000013 674.40 73.20 7.20 52.61
000013 698.40 48.00 7.20 52.61
000013 670.80 50.40 8.40 45.09
000013 674.40 79.20 7.20 52.61
000013 735.84 182.88 44.64 8.49
000013 501.12 181.44 11.52 32.88
000013 804.96 252.00 37.44 10.12
000013 698.40 47.52 7.20 52.61
000013 701.28 47.52 7.20 52.61
000013 735.84 290.88 43.20 8.77
000013 812.16 256.32 37.44 10.12
000013 506.88 177.12 11.52 32.88
000013 741.60 285.12 43.20 8.77
000013 498.24 178.56 11.52 32.88
000013 660.96 70.56 7.20 52.61
000013 855.36 263.52 40.32 9.39
000013 648.00 280.80 41.76 9.07
000013 648.00 204.48 44.93 8.43
000013 735.84 190.08 44.64 8.49
000013 660.96 61.92 7.20 52.61
000013 675.36 79.20 7.20 52.61
000013 673.92 201.60 44.64 8.49
000013 820.80 266.40 37.44 10.12
000013 663.84 59.04 7.44 50.91
000013 707.04 60.48 8.64 43.84
000013 714.24 286.56 43.20 8.77
000013 721.44 67.68 7.44 50.91
000013 241.92 165.60 11.52 32.88
000013 626.40 82.08 8.64 43.84
000013 676.80 293.76 44.35 8.54
000013 655.20 69.12 7.20 52.61
000013 684.00 76.32 7.20 52.61
000013 672.48 250.56 44.64 8.49
000013 843.84 267.84 40.32 9.39
000013 741.31 283.39 43.20 8.77
000013 736.13 177.98 43.20 8.77
000013 661.82 67.39 6.91 54.80
000013 679.10 165.89 43.20 8.77
000013 819.07 264.38 38.02 9.96
000013 806.98 252.29 39.74 9.53
000013 853.63 262.66 39.74 9.53
000013 782.78 53.57 8.64 43.84
000013 812.16 257.47 38.02 9.96
000013 737.86 217.73 44.93 8.43
000013 489.02 179.71 12.10 31.32
000013 665.28 69.12 6.91 54.80
000013 736.13 190.08 44.93 8.43
000013 670.46 158.98 42.86 8.84
000013 364.61 228.10 44.93 8.43
000013 836.35 58.75 10.37 36.53
000013 711.94 286.85 43.20 8.77
000013 451.01 217.73 38.02 9.96
000013 397.44 269.57 43.20 8.77
000013 317.95 103.68 41.47 9.13
000013 654.91 69.12 6.91 54.80
000013 658.37 82.94 6.91 54.80
000013 649.73 279.94 43.20 8.77
000013 508.03 177.98 12.10 31.32
000013 820.80 260.93 38.02 9.96
000013 739.58 193.54 44.93 8.43
000013 705.02 58.75 6.91 54.80
000013 677.38 293.76 44.93 8.43
000013 808.70 269.57 38.02 9.96
000013 858.82 266.11 39.74 9.53
000013 722.30 72.58 6.91 54.80
000013 625.54 81.22 8.64 43.84
000013 839.81 265.42 37.32 10.15
000013 738.20 215.65 43.55 8.70
000013 858.47 265.42 39.40 9.61
000013 852.25 261.27 39.40 9.61
000013 821.15 259.20 37.32 10.15
000013 680.14 165.89 43.55 8.70
000013 678.07 292.38 45.62 8.30
000013 725.76 279.94 43.55 8.70
000013 738.20 178.33 45.62 8.30
000013 711.24 286.16 43.55 8.70
000013 655.26 68.43 8.29 45.67
000013 646.96 277.86 41.47 9.13
000013 806.63 250.91 39.40 9.61
000013 665.63 70.50 8.29 45.67
000013 487.30 180.40 12.44 30.45
000013 734.05 290.30 43.55 8.70
000013 671.85 167.96 43.55 8.70
000013 497.66 180.40 10.37 36.53
000013 850.18 271.64 39.40 9.61
000013 665.63 80.87 6.22 60.89
000013 626.23 80.87 8.29 45.67
000013 738.20 223.95 43.55 8.70
000013 626.23 103.68 8.29 45.67
000013 723.69 72.58 8.29 45.67
000013 627.06 104.51 9.95 38.06
000013 734.05 291.13 44.79 8.46
000013 659.40 291.13 44.79 8.46
000013 744.01 179.16 45.20 8.38
000013 674.33 209.02 44.79 8.46
000013 365.78 159.25 14.93 25.37
000013 823.63 258.79 39.81 9.51
000013 666.87 79.63 7.46 50.74
000013 736.54 286.16 42.30 8.95
000013 731.57 273.72 44.79 8.46
000013 709.17 286.16 42.30 8.95
000013 818.66 253.81 39.32 9.63
000013 671.85 169.21 44.79 8.46
000013 744.01 283.67 44.79 8.46
000013 726.59 281.18 44.79 8.46
000013 646.96 278.69 42.30 8.95
000013 741.52 273.72 44.79 8.46
000013 353.34 141.83 12.94 29.27
000013 497.66 179.16 12.44 30.45
000013 848.52 268.74 39.81 9.51
000013 465.32 241.37 34.84 10.87
000013 627.06 89.58 7.46 50.74
000013 644.48 204.04 42.30 8.95
000013 858.47 266.25 39.81 9.51
000013 816.17 263.76 37.32 10.15
000013 470.29 251.32 39.81 9.51
000013 811.19 258.79 37.32 10.15
000013 851.01 273.72 39.81 9.51
000013 659.40 82.11 7.46 50.74
000013 627.06 79.63 7.46 50.74
000013 375.74 241.37 42.30 8.95
000013 383.20 251.32 42.30 8.95
000013 373.25 276.20 42.30 8.95
000013 821.15 265.75 38.82 9.76
000013 459.84 226.93 35.83 10.57
000013 743.51 214.99 47.78 7.93
000013 851.01 229.92 41.80 9.06
000013 465.81 241.86 38.82 9.76
000013 737.54 191.10 44.79 8.46
000013 737.54 179.16 44.79 8.46
000013 851.01 247.84 35.83 10.57
000013 731.57 197.07 44.79 8.46
000013 806.22 250.82 38.82 9.76
000013 848.02 265.75 38.82 9.76
000013 824.13 250.82 38.82 9.76
000013 728.58 188.12 44.79 8.46
000013 818.16 253.81 38.82 9.76
000013 686.78 200.06 41.80 9.06
000013 725.59 274.71 44.79 8.46
000013 853.99 259.78 38.82 9.76
000013 839.06 262.77 38.82 9.76
000013 382.21 250.82 41.80 9.06
000013 373.25 253.81 41.80 9.06
000013 683.79 179.16 44.79 8.46
000013 745.30 214.99 46.58 8.13
000013 437.15 214.99 43.00 8.81
000013 727.39 186.33 43.00 8.81
000013 738.14 189.91 43.00 8.81
000013 465.81 218.57 35.83 10.57
000013 691.55 200.66 46.58 8.13
000013 652.14 211.41 43.00 8.81
000013 831.30 243.66 39.42 9.61
000013 462.23 229.32 35.83 10.57
000013 806.22 247.24 35.83 10.57
000013 469.40 247.24 35.83 10.57
000013 476.56 247.24 43.00 8.81
000013 684.39 179.16 46.58 8.13
000013 372.65 250.82 43.00 8.81
000013 376.23 243.66 43.00 8.81
000014 289.00 144.00 23.00 16.47
000014 675.00 243.00 23.00 16.47
000014 855.00 49.00 36.00 10.52
000014 696.00 186.00 12.00 31.57
000014 400.00 51.00 20.80 18.21
000014 372.00 144.00 21.00 18.04
000014 279.00 187.00 22.00 17.22
000014 676.00 240.00 25.00 15.15
000014 869.00 38.00 37.00 10.24
000014 328.00 32.00 23.00 16.47
000014 410.00 119.00 18.00 21.04
000014 274.00 55.00 23.00 16.47
000014 366.00 183.00 20.00 18.94
000014 527.00 135.00 10.00 37.88
000014 308.00 55.00 23.00 16.47
000014 492.00 209.00 16.80 22.55
000014 270.00 166.00 22.00 17.22
000014 494.00 39.00 14.00 27.06
000014 310.00 58.00 23.00 16.47
000014 274.00 193.00 22.00 17.22
000014 375.00 116.00 21.00 18.04
000014 314.00 116.00 22.00 17.22
000014 527.00 185.00 11.00 34.44
000014 250.00 159.00 21.00 18.04
000014 392.00 220.00 20.00 18.94
000014 529.00 188.00 11.00 34.44
000014 922.00 128.00 32.00 11.84
000014 551.00 187.00 13.00 29.14
000014 281.00 168.00 22.00 17.22
000014 482.00 109.00 18.00 21.04
000014 343.00 108.00 20.00 18.94
000014 349.00 129.00 21.00 18.04
000014 317.00 66.00 21.00 18.04
000014 698.00 203.00 12.00 31.57
000014 391.00 223.00 20.00 18.94
000014 876.00 31.00 37.00 10.24
000014 659.00 236.00 24.00 15.78
000014 541.00 182.00 12.00 31.57
000014 683.00 157.00 13.00 29.14
000014 673.00 247.00 25.00 15.15
000014 543.00 161.00 8.00 47.35
000014 504.00 207.00 14.40 26.30
000014 382.00 82.00 19.00 19.94
000014 344.00 165.00 21.00 18.04
000014 974.00 71.00 35.00 10.82
000014 867.00 39.00 37.00 10.24
000014 312.00 140.00 22.00 17.22
000014 289.00 121.00 23.00 16.47
000014 380.00 80.00 19.00 19.94
000014 100.00 234.00 54.40 6.96
000014 223.00 153.00 22.00 17.22
000014 554.00 161.00 6.80 55.70
000014 394.00 134.00 19.60 19.33
000014 97.00 234.00 51.40 7.37
000014 695.00 194.00 12.00 31.57
000014 697.00 201.00 12.00 31.57
000014 62.00 101.00 18.00 21.04
000014 550.00 153.00 7.00 54.11
000014 380.00 36.00 21.00 18.04
000014 246.00 133.00 23.00 16.47
000014 338.00 109.00 21.00 18.04
000014 282.00 191.00 22.00 17.22
000014 672.00 231.00 26.00 14.57
000014 472.00 109.00 18.00 21.04
000014 375.00 49.00 21.00 18.04
000014 332.00 112.00 22.00 17.22
000014 356.00 138.00 22.00 17.22
000014 1085.00 230.00 62.60 6.05
000014 324.00 182.00 23.00 16.47
000014 508.00 64.00 14.00 27.06
000014 332.00 184.00 22.00 17.22
000014 552.00 203.00 13.00 29.14
000014 279.60 187.20 20.40 18.57
000014 494.40 196.80 15.60 24.28
000014 525.60 133.20 10.60 35.73
000014 470.40 108.00 16.40 23.10
000014 531.60 188.40 10.80 35.07
000014 343.20 165.60 20.40 18.57
000014 472.80 109.20 18.00 21.04
000014 658.80 235.20 23.80 15.92
000014 482.40 109.20 18.00 21.04
000014 536.40 183.60 12.00 31.57
000014 542.40 160.80 7.20 52.61
000014 528.00 126.00 10.80 35.07
000014 542.40 157.20 7.20 52.61
000014 549.60 152.40 6.72 56.37
000014 1155.60 290.40 64.80 5.85
000014 524.40 130.80 10.40 36.42
000014 280.80 168.00 21.60 17.54
000014 111.60 321.60 50.40 7.52
000014 399.60 51.60 20.40 18.57
000014 867.60 38.40 37.20 10.18
000014 381.60 82.80 18.00 21.04
000014 490.80 202.80 15.60 24.28
000014 349.20 128.40 20.40 18.57
000014 304.80 70.80 22.56 16.79
000014 698.40 202.80 12.00 31.57
000014 502.80 206.40 13.20 28.70
000014 510.00 206.40 13.20 28.70
000014 102.00 210.00 51.60 7.34
000014 249.60 158.40 21.60 17.54
000014 498.00 212.40 15.60 24.28
000014 337.20 189.60 21.60 17.54
000014 686.40 189.60 13.20 28.70
000014 409.20 118.80 18.00 21.04
000014 310.80 139.20 20.40 18.57
000014 390.00 222.00 19.20 19.73
000014 333.60 109.20 21.60 17.54
000014 554.40 160.80 7.20 52.61
000014 111.60 307.20 49.20 7.70
000014 619.20 304.80 43.20 8.77
000014 672.00 246.00 25.20 15.03
000014 696.00 186.00 10.80 35.07
000014 676.80 240.00 25.20 15.03
000014 291.60 164.40 22.80 16.61
000014 318.00 184.80 22.80 16.61
000014 324.00 181.20 22.80 16.61
000014 288.00 177.60 22.80 16.61
000014 381.60 116.40 20.40 18.57
000014 343.20 108.00 20.40 18.57
000014 337.20 108.00 20.20 18.75
000014 270.00 106.80 22.80 16.61
000014 685.20 321.60 48.00 7.89
000014 309.60 57.60 24.00 15.78
000014 1084.80 229.20 62.40 6.07
000014 355.20 136.80 21.60 17.54
000014 530.40 198.00 10.80 35.07
000014 391.20 219.60 19.20 19.73
000014 538.80 171.60 12.00 31.57
000014 325.20 126.00 22.80 16.61
000014 868.80 52.80 37.20 10.18
000014 695.52 172.80 11.52 32.88
000014 672.48 246.24 25.92 14.61
000014 540.00 195.84 12.00 31.57
000014 493.92 197.28 15.26 24.82
000014 689.76 203.04 12.38 30.59
000014 112.32 321.12 51.84 7.31
000014 698.40 203.04 12.96 29.23
000014 552.96 161.28 7.20 52.61
000014 344.16 165.60 20.16 18.79
000014 676.80 240.48 25.92 14.61
000014 381.60 82.08 18.72 20.23
000014 695.52 195.84 12.96 29.23
000014 525.60 131.04 10.08 37.58
000014 110.88 308.16 48.96 7.74
000014 525.60 126.72 7.20 52.61
000014 305.28 70.56 23.04 16.44
000014 684.00 188.64 10.08 37.58
000014 1153.44 289.44 64.80 5.85
000014 534.24 191.52 10.08 37.58
000014 250.56 158.40 23.04 16.44
000014 550.08 152.64 7.20 52.61
000014 552.96 156.96 7.20 52.61
000014 531.36 126.72 8.64 43.84
000014 102.24 210.24 51.84 7.31
000014 528.48 126.72 10.08 37.58
000014 542.88 156.96 7.20 52.61
000014 1150.56 300.96 64.80 5.85
000014 868.32 51.84 37.44 10.12
000014 336.96 188.64 21.60 17.54
000014 293.76 178.56 23.04 16.44
000014 390.24 221.76 18.72 20.23
000014 367.20 53.28 21.60 17.54
000014 280.80 172.80 23.04 16.44
000014 348.48 128.16 20.16 18.79
000014 538.56 171.36 11.52 32.88
000014 498.24 211.68 15.84 23.91
000014 696.96 185.76 12.96 29.23
000014 974.88 70.56 36.00 10.52
000014 312.48 178.56 23.04 16.44
000014 296.64 123.84 23.04 16.44
000014 684.00 318.24 47.52 7.97
000014 280.80 168.48 21.60 17.54
000014 354.24 136.80 20.16 18.79
000014 324.00 181.44 23.04 16.44
000014 552.96 181.44 12.96 29.23
000014 67.68 133.92 18.72 20.23
000014 311.04 139.68 21.60 17.54
000014 316.80 184.32 21.60 17.54
000014 551.52 185.76 12.96 29.23
000014 685.44 322.56 47.52 7.97
000014 342.72 108.00 20.16 18.79
000014 682.56 156.96 11.76 32.21
000014 324.00 126.72 21.60 17.54
000014 1085.76 230.40 63.36 5.98
000014 336.96 188.35 22.46 16.86
000014 1168.13 293.76 63.94 5.92
000014 525.31 131.33 10.37 36.53
000014 399.17 53.57 20.74 18.27
000014 110.59 307.58 50.11 7.56
000014 542.59 157.25 6.91 54.80
000014 549.50 153.79 6.91 54.80
000014 478.66 93.31 17.28 21.92
000014 533.95 184.90 10.37 36.53
000014 542.59 160.70 6.91 54.80
000014 501.12 205.63 13.82 27.40
000014 309.31 122.69 22.46 16.86
000014 549.50 162.43 6.91 54.80
000014 694.66 162.43 12.10 31.32
000014 552.96 195.26 12.10 31.32
000014 470.02 107.14 17.86 21.21
000014 357.70 164.16 19.01 19.93
000014 689.47 202.18 12.10 31.32
000014 1154.30 290.30 65.66 5.77
000014 724.03 290.30 38.02 9.96
000014 343.87 165.89 20.74 18.27
000014 793.15 248.83 27.65 13.70
000014 642.82 238.46 22.18 17.08
000014 876.10 260.93 34.56 10.96
000014 279.94 169.34 22.46 16.86
000014 547.78 181.44 8.64 43.84
000014 485.57 98.50 19.01 19.93
000014 480.38 108.86 17.28 21.92
000014 468.29 98.50 17.28 21.92
000014 677.38 240.19 24.19 15.66
000014 528.77 190.08 10.37 36.53
000014 274.75 191.81 22.46 16.86
000014 527.04 126.14 6.91 54.80
000014 530.50 126.14 10.37 36.53
000014 694.66 172.80 12.10 31.32
000014 694.66 195.26 12.44 30.45
000014 523.58 174.53 10.37 36.53
000014 672.19 245.38 25.92 14.61
000014 696.38 186.62 12.10 31.32
000014 734.40 295.49 41.47 9.13
000014 293.76 164.16 24.19 15.66
000014 293.76 177.98 22.46 16.86
000014 309.31 138.24 20.74 18.27
000014 354.24 136.51 20.74 18.27
000014 312.77 177.98 22.46 16.86
000014 323.14 179.71 22.46 16.86
000014 381.89 131.33 20.74 18.27
000014 167.96 300.67 39.40 9.61
000014 694.66 203.21 10.37 36.53
000014 678.07 240.54 24.88 15.22
000014 671.85 244.68 24.88 15.22
000014 694.66 194.92 12.44 30.45
000014 553.65 194.92 12.79 29.62
000014 526.69 130.64 10.37 36.53
000014 530.84 130.64 10.37 36.53
000014 709.17 161.74 7.46 50.74
000014 543.28 159.67 8.29 45.67
000014 479.00 93.31 22.81 16.61
000014 528.77 190.77 10.37 36.53
000014 549.50 153.45 7.05 53.73
000014 381.54 80.87 18.66 20.30
000014 520.47 190.77 10.37 36.53
000014 792.12 248.83 26.96 14.05
000014 1142.55 298.60 66.36 5.71
000014 725.76 290.30 39.40 9.61
000014 547.43 209.43 11.75 32.24
000014 244.68 136.86 22.81 16.61
000014 389.84 221.88 18.66 20.30
000014 308.97 122.34 22.81 16.61
000014 292.38 163.81 22.81 16.61
000014 404.35 128.56 20.74 18.27
000014 711.24 296.52 41.47 9.13
000014 250.91 130.64 22.81 16.61
000014 358.73 163.81 20.74 18.27
000014 804.56 244.68 26.96 14.05
000014 731.98 294.45 41.47 9.13
000014 402.28 226.02 18.66 20.30
000014 279.94 167.96 22.81 16.61
000014 796.26 248.83 31.10 12.18
000014 165.89 296.52 41.47 9.13
000014 866.76 259.20 35.25 10.75
000014 360.81 126.49 20.74 18.27
000014 793.77 248.83 27.37 13.84
000014 726.59 291.13 37.32 10.15
000014 549.92 154.28 7.46 50.74
000014 534.99 171.69 12.44 30.45
000014 696.73 161.74 14.52 26.10
000014 400.62 221.46 17.00 22.28
000014 532.50 129.39 12.94 29.27
000014 283.67 166.72 22.39 16.91
000014 679.31 241.37 24.88 15.22
000014 472.78 94.56 17.42 21.75
000014 644.48 238.88 22.39 16.91
000014 656.92 233.90 24.47 15.48
000014 689.26 171.69 9.95 38.06
000014 637.01 233.90 22.39 16.91
000014 525.04 176.67 9.95 38.06
000014 482.73 99.53 17.42 21.75
000014 278.69 189.11 22.39 16.91
000014 694.24 204.04 12.44 30.45
000014 403.11 226.44 19.91 19.03
000014 470.29 107.00 17.42 21.75
000014 781.33 276.20 34.84 10.87
000014 405.60 129.39 22.39 16.91
000014 549.92 204.04 12.44 30.45
000014 358.32 164.23 22.39 16.91
000014 278.69 169.21 22.39 16.91
000014 291.13 164.23 22.39 16.91
000014 689.26 154.28 12.44 30.45
000014 293.62 176.67 22.39 16.91
000014 758.94 263.76 31.10 12.18
000014 865.94 261.27 34.84 10.87
000014 470.29 209.02 17.42 21.75
000014 94.56 92.07 17.42 21.75
000014 731.57 246.34 24.88 15.22
000014 558.38 185.13 11.94 31.71
000014 474.77 95.55 17.92 21.14
000014 274.71 191.10 20.90 18.12
000014 710.66 161.24 8.96 42.29
000014 868.92 259.78 29.86 12.69
000014 695.73 161.24 11.94 31.71
000014 680.80 161.24 11.45 33.09
000014 471.79 101.52 17.92 21.14
000014 480.74 101.52 17.92 21.14
000014 214.99 161.24 23.89 15.86
000014 209.02 161.24 17.92 21.14
000014 400.12 223.95 17.92 21.14
000014 555.39 197.07 11.94 31.71
000014 794.27 247.84 26.87 14.10
000014 683.79 197.07 11.94 31.71
000014 692.75 203.05 11.94 31.71
000014 689.76 173.19 11.94 31.71
000014 686.78 152.29 8.96 42.29
000014 636.01 232.91 20.90 18.12
000014 680.80 241.86 26.87 14.10
000014 528.52 128.40 8.96 42.29
000014 653.93 232.91 21.90 17.30
000014 525.53 176.17 11.94 31.71
000014 492.69 197.07 14.93 25.37
000014 268.74 214.99 14.33 26.43
000014 716.64 250.82 14.93 25.37
000014 731.57 244.85 26.87 14.10
000014 809.80 247.24 43.00 8.81
000014 530.31 171.99 10.75 35.24
000014 519.56 186.33 10.75 35.24
000014 343.99 171.99 21.50 17.62
000014 494.48 204.24 14.33 26.43
000014 268.74 168.41 21.50 17.62
000014 555.39 186.33 10.75 35.24
000014 548.23 179.16 14.33 26.43
000014 290.24 164.83 21.50 17.62
000014 691.55 200.66 10.75 35.24
000014 795.47 247.24 28.67 13.21
000014 709.47 161.24 7.17 52.86
000014 537.48 161.24 10.75 35.24
000014 207.82 161.24 17.92 21.14
000014 548.23 157.66 7.17 52.86
000014 702.30 154.08 14.33 26.43
000014 322.49 125.41 25.08 15.10
000014 404.90 214.99 17.92 21.14
000014 487.31 193.49 17.92 21.14
000014 680.80 240.07 25.08 15.10
000014 254.41 218.57 14.33 26.43
000014 397.73 222.16 17.92 21.14
000014 655.72 232.91 25.08 15.10
000014 634.22 232.91 21.50 17.62
000014 243.66 157.66 21.50 17.62
000014 412.07 121.83 17.92 21.14
000014 397.73 132.58 21.50 17.62
000014 308.15 121.83 21.50 17.62
000015 783.00 152.00 8.00 48.05
000015 996.00 31.00 22.00 17.47
000015 785.00 149.00 9.00 42.71
000015 1088.00 56.00 31.00 12.40
000015 668.00 187.00 5.00 76.87
000015 676.00 188.00 5.00 76.87
000015 794.00 55.00 10.00 38.44
000015 996.00 35.00 23.00 16.71
000015 439.00 119.00 40.00 9.61
000015 500.00 117.00 29.00 13.25
000015 855.00 132.00 14.00 27.46
000015 437.00 116.00 40.00 9.61
000015 1031.00 75.00 29.00 13.25
000015 992.00 44.00 23.00 16.71
000015 692.00 177.00 5.00 76.87
000015 789.00 44.00 8.00 48.05
000015 800.00 112.00 10.40 36.96
000015 775.00 111.00 10.00 38.44
000015 561.00 143.00 22.00 17.47
000015 764.00 39.00 5.00 76.87
000015 1000.00 41.00 23.00 16.71
000015 991.00 41.00 22.00 17.47
000015 290.00 105.00 39.00 9.86
000015 777.00 148.00 8.00 48.05
000015 994.00 48.00 20.00 19.22
000015 169.00 69.00 38.00 10.12
000015 614.00 41.00 8.00 48.05
000015 764.00 120.00 8.00 48.05
000015 951.00 95.00 38.00 10.12
000015 243.00 54.00 38.00 10.12
000015 1090.00 58.00 33.00 11.65
000015 804.00 38.00 9.00 42.71
000015 775.20 110.40 10.20 37.68
000015 800.40 111.60 10.80 35.59
000015 763.20 120.00 7.20 53.38
000015 469.20 122.40 34.80 11.05
000015 242.40 52.80 38.40 10.01
000015 792.00 49.20 8.40 45.76
000015 999.60 40.80 22.80 16.86
000015 991.20 40.80 21.60 17.80
000015 1084.80 48.00 32.80 11.72
000015 782.40 56.40 8.40 45.76
000015 1137.60 43.20 37.20 10.33
000015 776.40 147.60 7.40 51.94
000015 499.20 115.20 28.80 13.35
000015 169.20 69.60 38.40 10.01
000015 784.80 148.80 9.60 40.04
000015 291.60 122.40 28.80 13.35
000015 807.60 46.80 9.60 40.04
000015 439.20 118.80 40.20 9.56
000015 782.40 151.20 8.40 45.76
000015 1146.00 37.20 37.20 10.33
000015 288.00 51.60 39.60 9.71
000015 177.60 58.80 37.20 10.33
000015 234.72 54.72 38.88 9.89
000015 773.28 156.96 6.48 59.32
000015 780.48 60.48 8.64 44.49
000015 996.48 46.08 23.04 16.68
000015 1035.36 72.00 28.80 13.35
000015 283.68 50.40 38.88 9.89
000015 774.72 110.88 7.20 53.38
000015 799.20 110.88 10.08 38.13
000015 498.24 115.20 28.80 13.35
000015 177.12 59.04 37.44 10.27
000015 286.56 51.84 38.88 9.89
000015 1074.24 57.60 33.12 11.61
000015 172.80 67.68 37.44 10.27
000015 781.92 151.20 8.64 44.49
000015 852.48 126.72 12.96 29.66
000015 1128.96 46.08 37.44 10.27
000015 781.92 56.16 7.92 48.53
000015 560.16 141.12 21.02 18.28
000015 427.68 234.72 26.88 14.30
000015 792.00 48.96 8.40 45.76
000015 181.44 60.48 38.88 9.89
000015 761.76 120.96 7.20 53.39
000015 122.69 79.49 36.29 10.59
000015 269.57 55.30 38.02 10.11
000015 274.75 55.30 38.02 10.11
000015 181.44 110.59 38.02 10.11
000015 775.87 110.59 10.37 37.07
000015 800.06 112.32 10.37 37.07
000015 499.39 114.05 29.38 13.08
000015 775.87 117.50 10.37 37.07
000015 800.06 119.23 10.37 37.07
000015 266.11 120.96 32.83 11.71
000015 177.98 58.75 38.02 10.11
000015 459.65 126.14 36.63 10.49
000015 853.63 126.14 13.82 27.80
000015 782.78 152.06 9.50 40.44
000015 691.20 179.71 5.18 74.15
000015 174.53 67.39 38.02 10.11
000015 502.85 65.66 30.07 12.78
000015 696.38 174.53 5.18 74.15
000015 703.30 158.98 6.34 60.66
000015 1071.36 62.21 31.10 12.36
000015 164.16 63.94 38.02 10.11
000015 233.28 55.30 38.02 10.11
000015 762.05 120.96 6.91 55.61
000015 763.78 70.85 6.91 55.61
000015 112.32 93.31 38.02 10.11
000015 711.94 98.50 4.90 78.51
000015 775.53 111.97 10.37 37.07
000015 798.34 111.97 10.37 37.07
000015 174.18 68.43 39.40 9.76
000015 167.96 70.50 37.32 10.30
000015 468.63 122.34 35.67 10.78
000015 775.53 118.20 10.37 37.07
000015 798.34 118.20 10.37 37.07
000015 1036.80 70.50 29.03 13.24
000015 607.56 147.23 10.37 37.07
000015 763.08 72.58 6.22 61.79
000015 425.09 236.39 31.10 12.36
000015 423.01 230.17 26.96 14.26
000015 111.97 93.31 37.32 10.30
000015 505.96 70.50 26.96 14.26
000015 632.45 186.62 8.29 46.34
000015 159.67 68.43 39.40 9.76
000015 441.68 107.83 38.57 9.97
000015 266.25 121.93 32.35 11.88
000015 798.75 111.97 9.95 38.62
000015 497.66 111.97 29.86 12.87
000015 701.71 166.72 4.98 77.23
000015 472.78 107.00 33.84 11.36
000015 467.80 131.88 34.84 11.03
000015 746.50 156.76 7.46 51.49
000015 420.53 236.39 27.37 14.04
000015 701.71 159.25 4.98 77.23
000015 467.80 121.93 34.84 11.03
000015 597.20 146.81 14.93 25.75
000015 124.42 79.63 37.32 10.30
000015 632.03 186.62 7.46 51.49
000015 600.18 176.17 8.96 42.91
000015 468.80 122.43 35.83 10.73
000015 421.02 235.89 26.87 14.30
000015 689.76 182.15 8.96 42.91
000015 286.65 104.51 38.82 9.90
000015 916.70 98.54 30.86 12.46
000015 746.50 155.27 8.96 42.91
000015 474.77 107.50 35.83 10.73
000015 701.71 158.26 5.97 64.36
000015 633.03 188.12 8.96 42.91
000015 777.55 114.66 7.17 53.64
000015 795.47 114.66 7.17 53.64
000015 587.64 168.41 7.17 53.64
000015 562.56 136.16 21.50 17.88
000015 268.74 121.83 35.83 10.73
000015 487.31 118.25 28.67 13.41
000015 390.57 236.49 28.67 13.41
